image_width: 672
image_height: 376
baseline: 0.12
camera_matrix: [ 261.5874938964844, 0., 334.0174865722656, 0., 261.3599853515625,
           184.64999389648438, 0., 0., 1. ]
distortion_coefficients: [ 0., 0., 0., 0., 0. ]
